331	105	5397	1.000	277.54	277.54
332	105	5409	3.000	377.54	1132.62
333	105	5368	5.000	77.54	387.70
334	105	5371	2.000	105.54	211.08
335	105	5372	2.000	187.54	375.08
336	105	5373	3.000	172.74	518.22
337	105	5381	5.000	82.74	413.70
338	105	5382	5.000	87.54	437.70
339	105	5378	16.000	247.54	3960.65
340	105	5384	2.000	147.54	295.08
341	105	5385	1.000	137.54	137.54
342	105	5389	1.000	167.54	167.54
343	105	5398	2.000	63.54	127.08
344	105	5399	3.000	100.04	300.12
345	105	5402	1.000	77.54	77.54
346	105	5404	2.000	157.54	315.08
347	105	5406	10.000	157.54	1575.41
348	105	5407	18.000	159.54	2871.73
349	105	5410	1.000	177.54	177.54
350	105	5411	6.000	77.54	465.24
351	105	5412	2.000	147.54	295.08
352	105	5422	5.000	117.54	587.70
353	105	5405	3.000	167.54	502.62
354	105	5413	5.000	157.54	787.70
355	105	5414	1.000	92.34	92.34
356	105	5419	6.000	107.54	645.24
357	105	5420	2.000	100.04	200.08
358	105	5421	2.000	82.74	165.48
359	105	5425	5.000	87.54	437.70
360	105	5430	1.000	149.54	149.54
361	105	5449	3.000	149.54	448.62
362	105	5433	3.000	237.54	712.62
363	105	5451	2.000	127.54	255.08
364	105	5437	4.000	172.54	690.16
365	105	5427	1.000	163.54	163.54
366	105	5429	2.000	77.54	155.08
367	105	5446	5.000	142.54	712.70
368	105	5453	1.000	57.54	57.54
369	105	5454	2.000	137.54	275.08
370	105	5458	2.000	167.54	335.08
371	105	5459	1.000	117.54	117.54
372	105	5460	1.000	137.54	137.54
373	105	5462	3.000	179.54	538.62
374	105	5464	9.000	127.54	1147.87
375	105	5465	1.000	52.54	52.54
376	105	5468	1.000	102.54	102.54
377	105	5470	2.000	97.54	195.08
378	105	5472	1.000	97.54	97.54
379	105	5369	6.000	82.74	496.44
380	105	5374	12.000	87.54	1050.49
381	105	5383	10.000	97.54	975.41
382	105	5386	30.000	157.54	4726.22
383	105	5388	20.000	52.54	1050.81
384	105	5391	25.000	82.54	2063.52
385	105	5393	5.000	72.54	362.70
386	105	5400	4.000	82.74	330.96
387	105	5408	15.000	105.54	1583.11
388	105	5416	15.000	77.54	1163.11
389	105	5418	6.000	67.54	405.24
390	105	5424	2.000	91.54	183.08
391	105	5426	10.000	97.54	975.41
392	105	5431	4.000	92.34	369.36
393	105	5450	3.000	92.34	277.02
394	105	5434	7.000	112.54	787.78
395	105	5438	15.000	109.54	1643.11
396	105	5452	5.000	82.74	413.70
397	105	5440	1.000	62.54	62.54
398	105	5441	1.000	82.34	82.34
399	105	5443	5.000	82.54	412.70
400	105	5444	24.000	82.74	1985.78
401	105	5447	50.000	87.54	4377.03
402	105	5456	8.000	87.54	700.33
403	105	5461	8.000	92.54	740.33
404	105	5466	6.000	92.34	554.04
405	105	5471	4.000	77.54	310.16
406	105	5473	4.000	77.54	310.16
407	105	5379	20.000	82.74	1654.81
408	105	5390	2.000	55.54	111.08
409	105	5423	24.000	58.54	1404.98
410	105	5439	6.000	72.54	435.24
411	105	5428	2.000	55.54	111.08
412	105	5432	5.000	87.54	437.70
413	105	5435	5.000	82.74	413.70
414	105	5445	7.000	60.04	420.28
415	105	5448	50.000	62.54	3127.03
416	105	5463	1.000	62.54	62.54
417	105	5380	60.000	52.54	3152.44
418	106	5662	7.000	377.77	2644.36
419	106	5621	2.000	72.77	145.53
420	106	5623	3.000	117.97	353.90
421	106	5624	2.000	94.02	188.03
422	106	5626	2.000	105.77	211.53
423	106	5627	3.000	187.77	563.30
424	106	5628	3.000	152.77	458.30
425	106	5629	2.000	172.97	345.93
426	106	5634	1.000	177.77	177.77
427	106	5640	2.000	77.97	155.93
428	106	5635	15.000	237.77	3566.48
429	106	5649	2.000	102.77	205.53
430	106	5650	4.000	77.77	311.06
431	106	5653	25.000	152.77	3819.14
432	106	5655	2.000	87.77	175.53
433	106	5656	2.000	157.77	315.53
434	106	5658	10.000	112.77	1127.65
435	106	5660	15.000	159.77	2396.48
436	106	5665	1.000	72.77	72.77
437	106	5666	2.000	142.77	285.53
438	106	5667	8.000	127.77	1022.12
439	106	5670	2.000	162.77	325.53
440	106	5657	6.000	167.77	1006.59
441	106	5671	6.000	157.77	946.59
442	106	5675	1.000	92.77	92.77
443	106	5677	1.000	102.77	102.77
444	106	5678	2.000	77.97	155.93
445	106	5707	3.000	149.77	449.30
446	106	5686	3.000	237.77	713.30
447	106	5691	1.000	217.77	217.77
448	106	5695	1.000	163.77	163.77
449	106	5704	1.000	137.77	137.77
450	106	5712	5.000	132.77	663.83
451	106	5713	2.000	137.77	275.53
452	106	5718	3.000	162.77	488.30
453	106	5719	2.000	72.77	145.53
454	106	5721	6.000	112.77	676.59
455	106	5723	2.000	179.77	359.53
456	106	5725	3.000	97.77	293.30
457	106	5732	3.000	87.77	263.30
458	106	5733	6.000	82.77	496.59
459	106	5622	6.000	77.97	467.79
460	106	5630	9.000	87.77	789.89
461	106	5633	2.000	117.77	235.53
462	106	5642	2.000	82.77	165.53
463	106	5636	20.000	147.77	2955.31
464	106	6075	5.000	52.77	263.83
465	106	5647	115.000	67.77	7793.03
466	106	5654	25.000	62.77	1569.14
467	106	5661	14.000	100.77	1410.72
468	106	5663	1.000	52.77	52.77
469	106	5668	13.000	57.77	750.95
470	106	5673	18.000	72.77	1309.78
471	106	5676	4.000	62.77	251.06
472	106	5684	5.000	97.77	488.83
473	106	5698	6.000	92.57	555.39
474	106	5708	6.000	92.57	555.39
475	106	5687	6.000	112.77	676.59
476	106	5692	9.000	109.77	987.89
477	106	5711	3.000	77.97	233.90
478	106	5702	16.000	77.97	1247.45
479	106	5705	21.000	87.77	1843.08
480	106	5716	9.000	87.77	789.89
481	106	5720	4.000	52.77	211.06
482	106	5714	10.000	92.77	927.65
483	106	5726	4.000	87.77	351.06
484	106	5729	5.000	82.77	413.83
485	106	5730	1.000	72.77	72.77
486	106	5637	20.000	77.77	1555.31
487	106	5680	25.000	58.77	1469.14
488	106	5688	4.000	82.97	331.86
489	106	5703	15.000	57.77	866.48
490	106	5706	25.000	62.77	1569.14
491	106	5643	1.000	57.77	57.77
492	106	5693	13.000	72.77	945.95
493	106	5709	6.000	61.77	370.59
494	106	5715	5.000	72.77	363.83
495	106	5638	21.000	52.77	1108.08
496	107	5409	1.000	376.81	376.81
497	107	5436	1.000	199.31	199.31
498	107	5367	1.000	66.81	66.81
499	107	5368	5.000	76.81	384.03
500	107	5370	1.000	93.06	93.06
501	107	5371	2.000	104.81	209.61
502	107	5372	2.000	186.81	373.61
503	107	5373	2.000	172.01	344.01
504	107	5377	1.000	176.81	176.81
505	107	5381	2.000	82.01	164.01
506	107	5382	2.000	86.81	173.61
507	107	5378	18.000	246.81	4442.52
508	107	5384	1.000	146.81	146.81
509	107	5385	1.000	136.81	136.81
510	107	5387	1.000	76.81	76.81
511	107	5389	2.000	166.81	333.61
512	107	5392	1.000	118.06	118.06
513	107	5398	2.000	62.81	125.61
514	107	5399	3.000	99.31	297.92
515	107	5402	1.000	76.81	76.81
516	107	5406	4.000	156.81	627.23
517	107	5407	21.000	158.81	3334.94
518	107	5410	1.000	176.81	176.81
519	107	5411	2.000	76.81	153.61
520	107	5412	2.000	146.81	293.61
521	107	5422	7.000	116.81	817.65
522	107	5405	3.000	166.81	500.42
523	107	5413	5.000	156.81	784.03
524	107	5414	1.000	91.61	91.61
525	107	5419	6.000	106.81	640.84
526	107	5420	1.000	99.31	99.31
527	107	5421	2.000	82.01	164.01
528	107	5425	3.000	86.81	260.42
529	107	5430	1.000	148.81	148.81
530	107	5449	4.000	148.81	595.23
531	107	5433	3.000	236.81	710.42
532	107	5437	4.000	171.81	687.23
533	107	5429	2.000	76.81	153.61
534	107	5446	5.000	141.81	709.03
535	107	5453	1.000	56.81	56.81
536	107	5454	2.000	136.81	273.61
537	107	5458	2.000	166.81	333.61
538	107	5460	1.000	136.81	136.81
539	107	5462	2.000	178.81	357.61
540	107	5464	12.000	126.81	1521.68
541	107	5465	1.000	51.81	51.81
542	107	5467	1.000	146.81	146.81
543	107	5468	1.000	101.81	101.81
544	107	5469	1.000	124.31	124.31
545	107	5470	1.000	96.81	96.81
546	107	5369	6.000	82.01	492.04
547	107	5374	12.000	86.81	1041.68
548	107	5383	9.000	96.81	871.26
549	107	5386	30.000	156.81	4704.20
550	107	5388	20.000	51.81	1036.14
551	107	5391	29.000	81.81	2372.40
552	107	5393	9.000	71.81	646.26
553	107	5400	8.000	82.01	656.05
554	107	5408	18.000	104.81	1886.52
555	107	5416	18.000	76.81	1382.52
556	107	5418	6.000	66.81	400.84
557	107	5424	6.000	90.81	544.84
558	107	5426	10.000	96.81	968.07
559	107	5431	4.000	91.61	366.43
560	107	5450	2.000	91.61	183.21
561	107	5434	7.000	111.81	782.65
562	107	5438	15.000	108.81	1632.10
563	107	5452	5.000	82.01	410.03
564	107	5440	1.000	61.81	61.81
565	107	5441	1.000	81.61	81.61
566	107	5443	5.000	81.81	409.03
567	107	5444	22.000	82.01	1804.15
568	107	5447	50.000	86.81	4340.34
569	107	5456	7.000	86.81	607.65
570	107	5461	10.000	91.81	918.07
571	107	5466	6.000	91.61	549.64
572	107	5471	4.000	76.81	307.23
573	107	5473	3.000	76.81	230.42
574	107	5379	23.000	82.01	1886.16
575	107	5390	2.000	54.81	109.61
576	107	5423	24.000	57.81	1387.36
577	107	5439	6.000	71.81	430.84
578	107	5428	2.000	54.81	109.61
579	107	5432	5.000	86.81	434.03
580	107	5435	6.000	82.01	492.04
581	107	5445	8.000	59.31	474.45
582	107	5448	50.000	61.81	3090.34
583	107	5463	4.000	61.81	247.23
584	107	5380	60.000	51.81	3108.41
585	108	5294	57.000	111.40	6349.78
586	108	5295	7.000	56.40	394.80
587	108	5320	2.000	191.41	382.82
588	108	5318	2.000	91.40	182.80
589	108	5319	2.000	61.40	122.80
590	108	5331	5.000	191.40	957.00
591	108	5332	5.000	121.40	607.00
592	108	5333	30.000	81.40	2441.99
593	108	5348	5.000	166.41	832.05
594	108	5349	10.000	101.40	1014.00
595	108	5350	15.000	66.40	996.00
596	108	5354	2.000	71.40	142.80
597	108	5271	1.000	151.40	151.40
598	108	5270	1.000	121.40	121.40
599	108	5358	5.000	91.40	457.00
600	108	5272	7.000	151.40	1059.80
601	108	5273	1.000	91.40	91.40
602	108	5274	3.000	101.40	304.20
603	108	5275	7.000	71.40	499.80
604	108	5276	4.000	81.40	325.60
605	108	5277	2.000	141.40	282.80
606	108	5278	1.000	181.39	181.39
607	108	5279	2.000	116.40	232.80
608	108	5281	2.000	171.40	342.80
609	108	5280	1.000	101.40	101.40
610	108	5282	18.000	101.40	1825.19
611	108	5283	5.000	56.40	282.00
612	108	5284	10.000	251.40	2514.00
613	108	5285	4.000	71.40	285.60
614	108	5286	1.000	141.40	141.40
615	108	5287	1.000	101.40	101.40
616	108	5288	6.000	66.40	398.40
617	108	5289	22.000	66.40	1460.79
618	108	5290	27.000	56.40	1522.79
619	108	5291	2.000	71.40	142.80
620	108	5292	4.000	86.40	345.60
621	108	5293	1.000	71.40	71.40
622	108	5296	6.000	56.40	338.40
623	108	5297	10.000	91.40	914.00
624	108	5298	6.000	71.40	428.40
625	108	5299	3.000	71.40	214.20
626	108	5300	4.000	101.40	405.60
627	108	5301	5.000	56.40	282.00
628	108	5303	6.000	161.40	968.40
629	108	5302	5.000	91.40	457.00
630	108	5305	3.000	121.40	364.20
631	108	5304	3.000	61.40	184.20
632	108	5306	6.000	71.40	428.40
633	108	5307	3.000	116.40	349.20
634	108	5308	3.000	71.40	214.20
635	108	5309	4.000	196.40	785.60
636	108	5310	1.000	131.40	131.40
637	108	5312	29.000	71.40	2070.59
638	108	5313	12.000	108.40	1300.80
639	108	5314	18.000	71.40	1285.19
640	108	5311	3.000	141.40	424.20
641	108	5315	2.000	111.40	222.80
642	108	5316	1.000	91.40	91.40
643	108	5317	17.000	101.40	1723.79
644	108	5321	13.000	101.40	1318.20
645	108	5322	8.000	71.40	571.20
646	108	5323	4.000	181.40	725.60
647	108	5324	10.000	106.40	1064.00
648	108	5325	4.000	61.40	245.60
649	108	5326	4.000	171.40	685.60
650	108	5327	4.000	111.40	445.60
651	108	5328	10.000	71.40	714.00
652	108	5329	4.000	241.40	965.60
653	108	5330	7.000	131.40	919.80
654	108	5334	3.000	71.40	214.20
655	108	5335	3.000	51.40	154.20
656	108	5336	3.000	86.40	259.20
657	108	5337	2.000	61.40	122.80
658	108	5338	2.000	141.40	282.80
659	108	5339	18.000	111.40	2005.19
660	108	5340	29.000	66.40	1925.59
661	108	5341	3.000	181.40	544.20
662	108	5342	1.000	91.40	91.40
663	108	5343	1.000	161.40	161.40
664	108	5344	3.000	71.40	214.20
665	108	5345	3.000	61.40	184.20
666	108	5347	3.000	66.40	199.20
667	108	5351	6.000	66.40	398.40
668	108	5352	2.000	81.40	162.80
669	108	5353	1.000	141.40	141.40
670	108	5356	2.000	121.40	242.80
671	108	5357	6.000	101.40	608.40
672	108	5360	2.000	181.40	362.80
673	108	5361	4.000	191.40	765.60
674	108	5359	10.000	141.40	1414.00
675	108	5362	1.000	106.40	106.40
676	108	5365	1.000	151.40	151.40
677	108	5363	6.000	101.40	608.40
678	108	5366	5.000	71.40	357.00
679	109	1618	1.000	290.28	290.28
680	109	158	5.000	70.28	351.42
681	109	1591	5.000	70.28	351.42
682	109	719	2.000	80.28	160.57
683	109	1593	3.000	115.48	346.45
684	109	1594	1.000	91.53	91.53
685	109	160	3.000	103.28	309.85
686	109	1596	1.000	185.28	185.28
687	109	1598	1.000	170.48	170.48
688	109	182	2.000	131.13	262.27
689	109	163	14.000	235.28	3293.97
690	109	165	1.000	135.28	135.28
691	109	162	1.000	175.28	175.28
692	109	167	4.000	83.88	335.54
693	109	728	5.000	56.28	281.42
694	109	1620	1.000	155.28	155.28
695	109	172	12.000	110.28	1323.41
696	109	730	15.000	157.28	2359.26
697	109	1622	1.000	70.28	70.28
698	109	1623	3.000	140.28	420.85
699	109	732	6.000	125.28	751.70
700	109	1624	7.000	110.28	771.99
701	109	174	6.000	165.28	991.70
702	109	1627	8.000	155.28	1242.27
703	109	175	2.000	100.28	200.57
704	109	1633	1.000	75.48	75.48
705	109	1634	3.000	52.78	158.35
706	109	1635	3.000	147.28	441.85
707	109	1636	3.000	147.28	441.85
708	109	1640	2.000	235.28	470.57
709	109	736	4.000	170.28	681.14
710	109	183	3.000	135.28	405.85
711	109	1661	2.000	145.28	290.57
712	109	184	1.000	110.28	110.28
713	109	1664	2.000	74.28	148.57
714	109	1665	1.000	130.28	130.28
715	109	1666	1.000	177.28	177.28
716	109	739	1.000	140.28	140.28
717	109	185	3.000	85.28	255.85
718	109	1672	4.000	80.28	321.14
719	109	1592	1.000	70.28	70.28
720	109	1597	1.000	150.28	150.28
721	109	1612	2.000	65.28	130.57
722	109	727	2.000	155.28	310.57
723	109	1614	3.000	100.28	300.85
724	109	1616	1.000	75.28	75.28
725	109	1619	1.000	70.28	70.28
726	109	1626	1.000	160.28	160.28
727	109	1630	2.000	90.28	180.57
728	109	1632	1.000	90.28	90.28
729	109	1644	1.000	90.28	90.28
730	109	1647	2.000	90.28	180.57
731	109	1656	5.000	130.28	651.42
732	109	1657	1.000	50.28	50.28
733	109	1668	1.000	115.28	115.28
734	109	1669	1.000	90.28	90.28
735	109	1671	1.000	80.28	80.28
736	109	1608	2.000	80.28	160.57
737	109	720	6.000	75.48	452.90
738	109	1599	4.000	85.28	341.14
739	109	1605	31.000	145.28	4503.80
740	109	1607	27.000	48.60	1312.31
741	109	1610	14.000	65.28	913.97
742	109	724	23.000	60.28	1386.53
743	109	729	15.000	60.28	904.26
744	109	731	15.000	98.28	1474.26
745	109	1628	21.000	70.28	1475.96
746	109	176	7.000	60.28	421.99
747	109	1637	6.000	90.08	540.50
748	109	1638	6.000	90.08	540.50
749	109	1639	6.000	110.28	661.70
750	109	733	9.000	107.28	965.56
751	109	1642	2.000	75.48	150.97
752	109	1651	18.000	75.48	1358.71
753	109	1660	9.000	85.28	767.56
754	109	1658	6.000	90.28	541.70
755	109	740	4.000	85.28	341.14
756	109	168	8.000	75.28	602.27
757	109	1654	4.000	85.28	341.14
758	109	1600	2.000	115.28	230.57
759	109	1603	2.000	90.28	180.57
760	109	164	3.000	80.28	240.85
761	109	738	4.000	65.28	261.14
762	109	1663	1.000	50.28	50.28
763	109	1670	3.000	70.28	210.85
764	109	1602	25.000	75.28	1882.10
765	109	157	37.000	55.28	2045.50
766	109	1625	24.000	56.28	1350.81
767	109	1648	6.000	71.28	427.70
768	109	1649	5.000	80.48	402.42
769	109	1652	22.000	55.28	1216.25
770	109	1659	4.000	70.28	281.14
771	109	722	69.000	50.28	3469.59
772	109	1655	3.000	60.28	180.85
773	109	1604	3.000	55.28	165.85
774	109	1650	2.000	50.28	100.57
775	109	1609	2.000	48.28	96.57
776	109	1645	3.000	48.28	144.85
777	110	95	3.000	374.75	1124.25
778	110	82	1.000	274.75	274.75
779	110	1530	2.000	234.75	469.50
780	110	99	2.000	197.25	394.50
781	110	104	3.000	172.25	516.75
782	110	132	1.000	197.00	197.00
783	110	131	1.000	209.75	209.75
784	110	145	1.000	247.25	247.25
785	110	700	5.000	74.75	373.75
786	110	53	1.000	84.75	84.75
787	110	55	6.000	114.75	688.50
788	110	56	2.000	102.75	205.50
789	110	57	1.000	184.75	184.75
790	110	59	2.000	169.95	339.90
791	110	60	1.000	114.75	114.75
792	110	1518	1.000	174.75	174.75
793	110	65	3.000	79.95	239.85
794	110	69	1.000	74.75	74.75
795	110	66	2.000	84.75	169.50
796	110	61	18.000	244.75	4405.51
797	110	68	1.000	134.75	134.75
798	110	72	1.000	164.75	164.75
799	110	73	5.000	92.05	460.25
800	110	74	5.000	84.75	423.75
801	110	76	4.000	94.75	379.00
802	110	79	4.000	70.75	283.00
803	110	83	1.000	154.75	154.75
804	110	86	2.000	60.75	121.50
805	110	87	1.000	73.75	73.75
806	110	702	2.000	97.25	194.50
807	110	84	2.000	60.75	121.50
808	110	88	1.000	204.75	204.75
809	110	100	1.000	160.75	160.75
810	110	93	20.000	156.75	3135.02
811	110	1528	1.000	74.75	74.75
812	110	1529	2.000	144.75	289.50
813	110	108	4.000	114.75	459.00
814	110	97	7.000	154.75	1083.26
815	110	1531	1.000	89.55	89.55
816	110	102	5.000	104.75	523.75
817	110	1527	1.000	164.75	164.75
818	110	107	4.000	79.95	319.80
819	110	116	1.000	74.75	74.75
820	110	110	2.000	84.75	169.50
821	110	117	2.000	146.75	293.50
822	110	129	4.000	146.75	587.00
823	110	111	2.000	234.75	469.50
824	110	1544	1.000	124.75	124.75
825	110	705	5.000	169.75	848.75
826	110	1536	1.000	134.75	134.75
827	110	126	3.000	139.75	419.25
828	110	1546	1.000	54.75	54.75
829	110	133	2.000	134.75	269.50
830	110	135	1.000	154.75	154.75
831	110	137	2.000	114.75	229.50
832	110	138	1.000	114.75	114.75
833	110	708	1.000	134.75	134.75
834	110	1548	2.000	176.75	353.50
835	110	139	9.000	124.75	1122.76
836	110	140	2.000	139.75	279.50
837	110	144	2.000	99.75	199.50
838	110	149	3.000	84.75	254.25
839	110	151	6.000	94.75	568.50
840	110	152	2.000	91.00	182.00
841	110	54	6.000	79.95	479.70
842	110	58	15.000	84.75	1271.26
843	110	67	2.000	74.75	149.50
844	110	1520	5.000	94.75	473.75
845	110	1521	30.000	154.75	4642.52
846	110	71	50.000	49.75	2487.54
847	110	81	1.000	78.75	78.75
848	110	85	6.000	79.95	479.70
849	110	91	2.000	59.75	119.50
850	110	94	12.000	102.75	1233.01
851	110	98	12.000	74.75	897.01
852	110	103	10.000	64.75	647.51
853	110	109	8.000	88.75	710.01
854	110	1533	5.000	94.75	473.75
855	110	1537	4.000	89.55	358.20
856	110	130	8.000	89.55	716.41
857	110	112	6.000	109.75	658.50
858	110	114	12.000	106.75	1281.01
859	110	113	11.000	74.75	822.26
860	110	1545	2.000	79.95	159.90
861	110	118	6.000	74.75	448.50
862	110	122	8.000	74.75	598.01
863	110	1540	3.000	79.55	238.65
864	110	123	6.000	64.75	388.50
865	110	1541	5.000	79.75	398.75
866	110	124	6.000	79.95	479.70
867	110	127	10.000	84.75	847.51
868	110	1547	3.000	84.75	254.25
869	110	134	4.000	89.75	359.00
870	110	142	6.000	89.55	537.30
871	110	148	1.000	74.75	74.75
872	110	150	4.000	74.75	299.00
873	110	50	20.000	59.75	1195.02
874	110	62	30.000	79.95	2398.52
875	110	338	2.000	52.75	105.50
876	110	1532	24.000	55.75	1338.02
877	110	115	2.000	52.75	105.50
878	110	1543	2.000	64.75	129.50
879	110	1538	3.000	79.95	239.85
880	110	125	12.000	57.25	687.01
881	110	128	15.000	59.75	896.26
882	110	143	2.000	59.75	119.50
883	110	63	74.000	49.75	3681.56
884	111	1789	1.000	134.57	134.57
885	111	1800	7.000	54.57	382.02
886	111	238	3.000	114.57	343.72
887	111	1801	2.000	84.57	169.15
888	111	1803	1.000	224.57	224.57
889	111	1809	2.000	44.57	89.15
890	111	1811	5.000	109.57	547.87
891	111	1812	10.000	64.57	645.74
892	111	1815	3.000	74.57	223.72
893	111	1814	3.000	44.57	133.72
894	111	1817	1.000	74.57	74.57
895	111	250	1.000	234.57	234.57
896	111	1819	1.000	234.57	234.57
897	111	1839	1.000	84.57	84.57
898	111	256	5.000	54.57	272.87
899	111	258	1.000	374.57	374.57
900	111	1854	1.000	384.57	384.57
901	111	1868	6.000	159.58	957.50
902	111	1869	6.000	94.57	567.44
903	111	1870	18.000	59.57	1072.33
904	111	267	1.000	234.57	234.57
905	111	271	1.000	134.58	134.58
906	111	270	1.000	64.57	64.57
907	111	272	1.000	54.57	54.57
908	111	275	1.000	44.57	44.57
909	111	248	10.000	49.57	495.74
910	111	1805	10.000	44.57	445.74
911	111	1787	3.000	54.57	163.72
912	111	1786	1.000	144.57	144.57
913	111	1785	1.000	114.57	114.57
914	111	277	9.000	84.57	761.16
915	111	1788	9.000	54.57	491.16
916	111	236	9.000	144.57	1301.16
917	111	237	1.000	84.57	84.57
918	111	804	2.000	94.57	189.15
919	111	805	8.000	64.57	516.59
920	111	806	2.000	74.57	149.15
921	111	1790	1.000	154.57	154.57
922	111	1791	1.000	234.57	234.57
923	111	1792	1.000	134.57	134.57
924	111	1793	2.000	174.56	349.13
925	111	1794	5.000	109.57	547.87
926	111	1796	3.000	164.57	493.72
927	111	1795	3.000	94.57	283.72
928	111	1797	36.000	94.57	3404.65
929	111	1798	10.000	49.57	495.74
930	111	1799	7.000	244.57	1712.02
931	111	239	5.000	64.57	322.87
932	111	1802	1.000	134.57	134.57
933	111	240	10.000	94.57	945.74
934	111	241	4.000	59.57	238.29
935	111	1806	1.000	64.57	64.57
936	111	1807	1.000	214.57	214.57
937	111	810	43.000	59.57	2561.67
938	111	244	54.000	49.57	2676.98
939	111	245	5.000	69.57	347.87
940	111	1808	1.000	79.57	79.57
941	111	1810	1.000	64.57	64.57
942	111	247	10.000	49.57	495.74
943	111	1813	1.000	164.57	164.57
944	111	811	8.000	64.57	516.59
945	111	1816	1.000	184.57	184.57
946	111	249	7.000	84.57	592.02
947	111	1818	9.000	64.57	581.16
948	111	813	1.000	64.57	64.57
949	111	1833	1.000	74.57	74.57
950	111	1820	6.000	54.57	327.44
951	111	814	5.000	94.57	472.87
952	111	251	5.000	49.57	247.87
953	111	1822	4.000	154.57	618.29
954	111	1821	3.000	84.57	253.72
955	111	252	1.000	247.57	247.57
956	111	1823	3.000	114.57	343.72
957	111	254	27.000	54.57	1473.49
958	111	1984	3.000	109.57	328.72
959	111	1825	2.000	64.57	129.15
960	111	1827	6.000	189.57	1137.44
961	111	1828	2.000	124.57	249.15
962	111	1830	17.000	64.57	1097.75
963	111	1829	5.000	101.57	507.87
964	111	1831	1.000	64.57	64.57
965	111	1835	4.000	134.57	538.29
966	111	1834	1.000	94.57	94.57
967	111	1836	2.000	104.57	209.15
968	111	815	1.000	84.57	84.57
969	111	1837	2.000	94.57	189.15
970	111	1838	3.000	44.57	133.72
971	111	1840	1.000	69.57	69.57
972	111	1841	5.000	94.57	472.87
973	111	1842	2.000	64.57	129.15
974	111	1843	2.000	174.57	349.15
975	111	1844	6.000	99.57	597.44
976	111	1845	3.000	54.57	163.72
977	111	1846	3.000	164.57	493.72
978	111	816	2.000	104.57	209.15
979	111	1847	1.000	64.57	64.57
980	111	1851	7.000	64.57	452.02
981	111	1852	4.000	234.57	938.29
982	111	1853	7.000	124.57	872.02
983	111	261	6.000	64.57	387.44
984	111	1856	3.000	44.57	133.72
985	111	1857	2.000	79.57	159.15
986	111	1858	2.000	54.57	109.15
987	111	263	4.000	104.57	418.29
988	111	1861	5.000	174.57	872.87
989	111	1860	6.000	59.57	357.44
990	111	1862	2.000	84.57	169.15
991	111	1863	1.000	154.57	154.57
992	111	1864	1.000	114.57	114.57
993	111	1866	3.000	84.57	253.72
994	111	264	4.000	64.57	258.29
995	111	265	15.000	54.57	818.60
996	111	1867	4.000	59.57	238.29
997	111	1871	12.000	59.57	714.88
998	111	1872	4.000	74.57	298.29
999	111	1873	1.000	134.57	134.57
1000	111	1874	1.000	44.57	44.57
1001	111	268	1.000	74.57	74.57
1002	111	273	1.000	54.57	54.57
1003	111	274	1.000	114.57	114.57
1004	111	276	1.000	94.57	94.57
1005	111	1875	5.000	52.57	262.87
1006	111	1876	1.000	174.57	174.57
1007	111	1877	5.000	184.57	922.87
1008	111	820	7.000	134.57	942.02
1009	111	1879	1.000	99.57	99.57
1010	111	1880	6.000	64.57	387.44
1011	111	1882	1.000	144.57	144.57
1012	111	1881	1.000	154.57	154.57
1013	111	278	2.000	94.57	189.15
1014	111	1985	1.000	54.57	54.57
1015	111	1885	6.000	64.57	387.44
1016	111	1883	2.000	104.57	209.15
1017	112	426	48.000	88.26	4236.43
1018	112	425	120.000	48.26	5791.07
1019	112	418	36.000	48.26	1737.32
1020	112	419	468.000	53.26	24925.18
1021	113	153	15.000	336.66	5049.84
1022	113	570	1.000	311.66	311.66
1023	113	627	5.000	146.66	733.28
1024	113	1477	5.000	261.66	1308.28
1025	113	633	1.000	286.66	286.66
1026	113	562	1.000	236.66	236.66
1027	113	552	1.000	161.66	161.66
1028	113	569	1.000	236.66	236.66
1029	113	529	2.000	261.66	523.31
1030	113	578	1.000	236.66	236.66
1031	113	514	10.000	256.66	2566.56
1032	113	517	1.000	136.66	136.66
1033	113	1466	5.000	156.66	783.28
1034	113	1491	2.000	261.66	523.31
1035	113	555	6.000	116.66	699.93
1036	113	1476	1.000	76.66	76.66
1037	113	547	5.000	196.66	983.28
1038	113	626	1.000	96.66	96.66
1039	113	618	1.000	56.66	56.66
1040	113	546	9.000	186.66	1679.90
1041	113	1479	4.000	146.66	586.62
1042	113	1511	13.000	156.66	2036.52
1043	113	1512	7.000	96.66	676.59
1044	113	589	3.000	136.66	409.97
1045	113	1515	1.000	161.66	161.66
1046	113	579	3.000	149.16	447.47
1047	113	623	2.000	106.66	213.31
1048	113	610	2.000	116.66	233.31
1049	113	519	9.000	96.66	869.90
1050	113	611	4.000	96.66	386.62
1051	113	548	1.000	96.66	96.66
1052	113	532	3.000	86.66	259.97
1053	113	595	2.000	76.66	153.31
1054	113	572	2.000	136.66	273.31
1055	113	1495	2.000	231.66	463.31
1056	113	530	6.000	196.66	1179.93
1057	113	1480	3.000	136.66	409.97
1058	113	1478	7.000	116.66	816.59
1059	113	1489	3.000	176.66	529.97
1060	113	513	1.000	196.66	196.66
1061	113	1503	1.000	206.66	206.66
1062	113	556	1.000	136.66	136.66
1063	113	586	3.000	101.66	304.97
1064	113	1508	1.000	156.66	156.66
1065	113	574	3.000	236.66	709.97
1066	113	1469	2.000	156.66	313.31
1067	113	1464	1.000	176.66	176.66
1068	113	612	20.000	146.66	2933.11
1069	113	1467	9.000	96.66	869.90
1070	113	561	11.000	136.66	1503.21
1071	113	550	6.000	66.66	399.93
1072	113	565	1.000	96.66	96.66
1073	113	568	13.000	60.66	788.52
1074	113	551	6.000	96.66	579.93
1075	113	1509	2.000	86.66	173.31
1076	113	1513	1.000	106.66	106.66
1077	113	520	3.000	56.66	169.97
1078	113	512	5.000	56.66	283.28
1079	113	573	3.000	86.66	259.97
1080	113	629	3.000	115.41	346.22
1081	113	553	6.000	86.66	519.93
1082	113	1496	2.000	156.66	313.31
1083	113	1481	5.000	66.66	333.28
1084	113	1465	2.000	116.66	233.31
1085	113	1493	1.000	116.66	116.66
1086	113	1502	5.000	136.66	683.28
1087	113	1483	10.000	56.66	566.56
1088	113	515	38.000	86.66	3292.92
1089	113	516	20.000	56.66	1133.11
1090	113	571	3.000	86.66	259.97
1091	113	1497	1.000	66.66	66.66
1092	113	1490	2.000	66.66	133.31
1093	113	543	4.000	116.66	466.62
1094	113	524	11.000	71.66	788.21
1095	113	613	9.000	76.66	689.90
1096	113	632	1.000	86.66	86.66
1097	113	557	9.000	76.66	689.90
1098	113	558	3.000	86.66	259.97
1099	113	545	2.000	66.66	133.31
1100	113	554	1.000	76.66	76.66
1101	113	1514	5.000	86.66	433.28
1102	113	594	3.000	76.66	229.97
1103	113	337	72.000	56.66	4079.21
1104	113	563	4.000	66.66	266.62
1105	113	531	20.000	56.66	1133.11
1106	113	1473	9.000	66.66	599.90
1107	113	630	13.000	56.66	736.52
1108	113	587	1.000	71.66	71.66
1109	113	625	1.000	236.66	236.66
1110	113	1463	1.000	96.66	96.66
1111	113	635	2.000	51.66	103.31
1112	113	1468	1.000	61.66	61.66
1113	113	1471	1.000	66.66	66.66
1114	113	1472	1.000	186.66	186.66
1115	113	1492	1.000	291.66	291.66
1116	113	537	1.000	291.66	291.66
1117	113	564	1.000	266.66	266.66
1118	113	585	1.000	141.66	141.66
1119	113	634	5.000	86.66	433.28
1120	113	1505	1.000	231.66	231.66
1121	113	528	1.000	231.66	231.66
1122	113	1506	6.000	116.66	699.93
1123	113	534	5.000	116.66	583.28
1124	113	1498	4.000	116.66	466.62
1125	113	527	1.000	116.66	116.66
1126	113	1500	2.000	81.66	163.31
1127	113	1499	7.000	81.66	571.59
1128	113	1474	10.000	81.66	816.56
1129	113	1486	1.000	121.66	121.66
1130	113	1487	1.000	81.66	81.66
1131	113	541	15.000	81.66	1224.84
1132	113	560	8.000	76.66	613.25
1133	113	1510	1.000	53.66	53.66
1134	113	567	22.000	51.66	1136.43
1135	114	96	2.000	185.19	370.38
1136	114	1530	1.000	235.19	235.19
1137	114	99	4.000	197.69	790.75
1138	114	104	3.000	172.69	518.06
1139	114	131	1.000	210.19	210.19
1140	114	145	1.000	247.69	247.69
1141	114	700	5.000	75.19	375.94
1142	114	53	1.000	85.19	85.19
1143	114	1516	1.000	91.44	91.44
1144	114	55	4.000	115.19	460.75
1145	114	56	3.000	103.19	309.56
1146	114	57	3.000	185.19	555.56
1147	114	59	2.000	170.39	340.77
1148	114	60	2.000	115.19	230.38
1149	114	65	3.000	80.39	241.16
1150	114	66	3.000	85.19	255.56
1151	114	61	18.000	245.19	4413.38
1152	114	1519	2.000	145.19	290.38
1153	114	68	1.000	135.19	135.19
1154	114	69	1.000	75.19	75.19
1155	114	72	2.000	165.19	330.38
1156	114	73	5.000	83.49	417.44
1157	114	74	5.000	85.19	425.94
1158	114	75	1.000	116.44	116.44
1159	114	76	3.000	95.19	285.56
1160	114	79	4.000	71.19	284.75
1161	114	83	1.000	155.19	155.19
1162	114	84	2.000	61.19	122.38
1163	114	702	3.000	97.69	293.06
1164	114	86	3.000	61.19	183.56
1165	114	88	1.000	205.19	205.19
1166	114	1526	1.000	155.19	155.19
1167	114	92	4.000	155.19	620.75
1168	114	93	21.000	157.19	3300.94
1169	114	1528	2.000	75.19	150.38
1170	114	1529	2.000	145.19	290.38
1171	114	108	9.000	115.19	1036.69
1172	114	1527	2.000	165.19	330.38
1173	114	97	4.000	155.19	620.75
1174	114	102	5.000	105.19	525.94
1175	114	105	2.000	88.44	176.88
1176	114	106	2.000	97.69	195.38
1177	114	107	4.000	80.39	321.55
1178	114	110	3.000	85.19	255.56
1179	114	117	1.000	147.19	147.19
1180	114	129	3.000	147.19	441.56
1181	114	111	2.000	235.19	470.38
1182	114	705	5.000	170.19	850.94
1183	114	1535	1.000	161.19	161.19
1184	114	1536	1.000	135.19	135.19
1185	114	126	5.000	140.19	700.94
1186	114	1546	1.000	55.19	55.19
1187	114	133	2.000	135.19	270.38
1188	114	135	2.000	155.19	310.38
1189	114	138	1.000	115.19	115.19
1190	114	708	1.000	135.19	135.19
1191	114	139	12.000	125.19	1502.25
1192	114	140	1.000	140.19	140.19
1193	114	144	2.000	100.19	200.38
1194	114	1551	1.000	122.69	122.69
1195	114	1553	1.000	95.19	95.19
1196	114	149	3.000	85.19	255.56
1197	114	151	6.000	95.19	571.13
1198	114	152	2.000	91.44	182.88
1199	114	54	4.000	80.39	321.55
1200	114	58	15.000	85.19	1277.81
1201	114	67	2.000	75.19	150.38
1202	114	1520	5.000	95.19	475.94
1203	114	1521	30.000	155.19	4655.63
1204	114	1522	20.000	50.19	1003.75
1205	114	71	25.000	50.19	1254.69
1206	114	81	2.000	79.19	158.38
1207	114	85	6.000	80.39	482.33
1208	114	91	6.000	60.19	361.13
1209	114	94	15.000	103.19	1547.81
1210	114	98	15.000	75.19	1127.81
1211	114	103	9.000	65.19	586.69
1212	114	109	4.000	89.19	356.75
1213	114	1533	2.000	95.19	190.38
1214	114	1537	4.000	89.99	359.95
1215	114	130	9.000	89.99	809.89
1216	114	112	7.000	110.19	771.31
1217	114	114	13.000	107.19	1393.44
1218	114	113	10.000	75.19	751.88
1219	114	1545	2.000	80.39	160.78
1220	114	118	5.000	75.19	375.94
1221	114	122	9.000	75.19	676.69
1222	114	1539	1.000	60.19	60.19
1223	114	1540	6.000	79.99	479.92
1224	114	123	6.000	65.19	391.13
1225	114	1541	5.000	80.19	400.94
1226	114	124	6.000	80.39	482.33
1227	114	127	10.000	85.19	851.88
1228	114	1547	4.000	85.19	340.75
1229	114	134	4.000	90.19	360.75
1230	114	142	1.000	89.99	89.99
1231	114	148	1.000	75.19	75.19
1232	114	150	1.000	75.19	75.19
1233	114	50	24.000	60.19	1444.50
1234	114	62	33.000	80.39	2652.79
1235	114	338	2.000	53.19	106.38
1236	114	1532	22.000	56.19	1236.13
1237	114	115	2.000	53.19	106.38
1238	114	1543	1.000	65.19	65.19
1239	114	1538	7.000	80.39	562.71
1240	114	125	12.000	57.69	692.25
1241	114	128	15.000	60.19	902.81
1242	114	1549	3.000	60.19	180.56
1243	114	143	4.000	60.19	240.75
1244	114	63	46.000	50.19	2308.63
1245	115	95	2.000	375.24	750.48
1246	115	96	2.000	185.24	370.48
1247	115	1530	2.000	235.24	470.48
1248	115	99	1.000	197.74	197.74
1249	115	104	3.000	172.74	518.22
1250	115	131	1.000	210.24	210.24
1251	115	145	1.000	247.74	247.74
1252	115	52	2.000	65.24	130.48
1253	115	700	5.000	75.24	376.19
1254	115	53	1.000	85.24	85.24
1255	115	1516	1.000	91.49	91.49
1256	115	55	3.000	115.24	345.72
1257	115	56	2.000	103.24	206.48
1258	115	57	1.000	185.24	185.24
1259	115	59	2.000	170.44	340.88
1260	115	60	1.000	115.24	115.24
1261	115	65	3.000	80.44	241.32
1262	115	66	2.000	85.24	170.48
1263	115	61	18.000	245.24	4414.30
1264	115	1519	1.000	145.24	145.24
1265	115	68	1.000	135.24	135.24
1266	115	72	1.000	165.24	165.24
1267	115	73	5.000	97.64	488.19
1268	115	74	8.000	85.24	681.91
1269	115	75	1.000	116.49	116.49
1270	115	76	2.000	95.24	190.48
1271	115	79	4.000	71.24	284.96
1272	115	83	1.000	155.24	155.24
1273	115	84	2.000	61.24	122.48
1274	115	92	4.000	155.24	620.96
1275	115	93	18.000	157.24	2830.30
1276	115	1528	2.000	75.24	150.48
1277	115	1529	2.000	145.24	290.48
1278	115	108	5.000	115.24	576.19
1279	115	97	4.000	155.24	620.96
1280	115	1531	1.000	90.04	90.04
1281	115	102	5.000	105.24	526.19
1282	115	105	2.000	88.49	176.98
1283	115	106	2.000	97.74	195.48
1284	115	107	4.000	80.44	321.76
1285	115	110	5.000	85.24	426.19
1286	115	117	2.000	147.24	294.48
1287	115	129	3.000	147.24	441.72
1288	115	111	2.000	235.24	470.48
1289	115	1544	2.000	125.24	250.48
1290	115	705	4.000	170.24	680.96
1291	115	1536	1.000	135.24	135.24
1292	115	126	2.000	140.24	280.48
1293	115	1546	1.000	55.24	55.24
1294	115	133	2.000	135.24	270.48
1295	115	135	1.000	155.24	155.24
1296	115	138	1.000	115.24	115.24
1297	115	708	1.000	135.24	135.24
1298	115	1548	2.000	177.24	354.48
1299	115	139	9.000	125.24	1127.15
1300	115	140	2.000	140.24	280.48
1301	115	1550	3.000	145.24	435.72
1302	115	144	2.000	100.24	200.48
1303	115	1551	1.000	122.74	122.74
1304	115	1553	1.000	95.24	95.24
1305	115	149	2.000	85.24	170.48
1306	115	1554	1.000	85.24	85.24
1307	115	151	6.000	95.24	571.43
1308	115	152	2.000	91.49	182.98
1309	115	54	5.000	80.44	402.19
1310	115	58	15.000	85.24	1278.58
1311	115	67	2.000	75.24	150.48
1312	115	1520	5.000	95.24	476.19
1313	115	1521	30.000	155.24	4657.16
1314	115	71	50.000	50.24	2511.94
1315	115	81	1.000	79.24	79.24
1316	115	85	10.000	80.44	804.39
1317	115	91	7.000	60.24	421.67
1318	115	94	10.000	103.24	1032.39
1319	115	98	12.000	75.24	902.87
1320	115	103	10.000	65.24	652.39
1321	115	109	10.000	89.24	892.39
1322	115	1533	5.000	95.24	476.19
1323	115	1537	3.000	90.04	270.12
1324	115	130	5.000	90.04	450.19
1325	115	112	7.000	110.24	771.67
1326	115	114	12.000	107.24	1286.87
1327	115	113	10.000	75.24	752.39
1328	115	1545	2.000	80.44	160.88
1329	115	118	5.000	75.24	376.19
1330	115	122	9.000	75.24	677.15
1331	115	1539	1.000	60.24	60.24
1332	115	1540	3.000	80.04	240.12
1333	115	123	3.000	65.24	195.72
1334	115	1541	5.000	80.24	401.19
1335	115	124	6.000	80.44	482.63
1336	115	127	15.000	85.24	1278.58
1337	115	1547	1.000	85.24	85.24
1338	115	134	4.000	90.24	360.96
1339	115	142	3.000	90.04	270.12
1340	115	148	2.000	75.24	150.48
1341	115	150	1.000	75.24	75.24
1342	115	50	20.000	60.24	1204.78
1343	115	62	31.000	80.44	2493.60
1344	115	338	2.000	53.24	106.48
1345	115	1532	22.000	56.24	1237.25
1346	115	115	2.000	53.24	106.48
1347	115	1543	2.000	65.24	130.48
1348	115	1538	5.000	80.44	402.19
1349	115	125	12.000	57.74	692.87
1350	115	128	15.000	60.24	903.58
1351	115	1549	3.000	60.24	180.72
1352	115	143	2.000	60.24	120.48
1353	115	63	78.000	50.24	3918.63
1354	116	6031	1.000	229.28	229.28
1355	116	6012	2.000	79.28	158.56
1356	116	6028	1.000	239.28	239.28
1357	116	6004	3.000	79.28	237.84
1358	116	6005	3.000	49.28	147.84
1359	116	6029	1.000	239.28	239.28
1360	116	6011	2.000	59.28	118.56
1361	116	6019	1.000	119.28	119.28
1362	116	6032	1.000	389.28	389.28
1363	116	6006	3.000	189.28	567.84
1364	116	6007	6.000	119.28	715.68
1365	116	6008	30.000	79.28	2378.40
1366	116	6014	1.000	49.28	49.28
1367	116	5998	10.000	164.28	1642.80
1368	116	5999	20.000	99.28	1985.60
1369	116	6000	53.000	64.28	3406.84
1370	116	6030	1.000	239.28	239.28
1371	116	6015	1.000	139.28	139.28
1372	116	6016	1.000	99.28	99.28
1373	116	6017	3.000	69.28	207.84
1374	116	6001	5.000	99.28	496.40
1375	116	6002	10.000	69.28	692.80
1376	116	6055	1.000	99.28	99.28
1377	116	6058	1.000	149.28	149.28
1378	116	6054	1.000	119.28	119.28
1379	116	5943	11.000	59.28	652.08
1380	116	6035	8.000	149.28	1194.24
1381	116	5944	1.000	89.28	89.28
1382	116	5966	7.000	99.28	694.96
1383	116	5979	10.000	69.28	692.80
1384	116	5945	3.000	79.28	237.84
1385	116	5946	2.000	159.28	318.56
1386	116	5948	1.000	239.28	239.28
1387	116	5974	1.000	119.28	119.28
1388	116	6046	2.000	139.28	278.56
1389	116	5949	2.000	179.28	358.56
1390	116	5975	10.000	114.28	1142.80
1391	116	5951	1.000	169.28	169.28
1392	116	5976	2.000	99.28	198.56
1393	116	5977	40.000	99.28	3971.20
1394	116	6067	8.000	54.28	434.24
1395	116	5952	9.000	249.28	2243.52
1396	116	5978	5.000	69.28	346.40
1397	116	5953	1.000	139.28	139.28
1398	116	6043	5.000	99.28	496.40
1399	116	5991	28.000	64.28	1799.84
1400	116	5992	45.000	54.28	2442.60
1401	116	6027	4.000	74.28	297.12
1402	116	6073	10.000	59.28	592.80
1403	116	5996	1.000	189.28	189.28
1404	116	6059	1.000	169.28	169.28
1405	116	5981	6.000	89.28	535.68
1406	116	5982	7.000	69.28	484.96
1407	116	5958	2.000	69.28	138.56
1408	116	6071	6.000	99.28	595.68
1409	116	6070	7.000	54.28	379.96
1410	116	5950	5.000	159.28	796.40
1411	116	6039	6.000	89.28	535.68
1412	116	6038	1.000	79.28	79.28
1413	116	5956	1.000	89.28	89.28
1414	116	6036	3.000	119.28	357.84
1415	116	6049	9.000	59.28	533.52
1416	116	6053	1.000	69.28	69.28
1417	116	5957	6.000	194.28	1165.68
1418	116	6041	2.000	129.28	258.56
1419	116	6033	35.000	69.28	2424.80
1420	116	6051	10.000	106.28	1062.80
1421	116	6042	12.000	139.28	1671.36
1422	116	5955	2.000	109.28	218.56
1423	116	5983	1.000	89.28	89.28
1424	116	6037	2.000	99.28	198.56
1425	116	6062	5.000	99.28	496.40
1426	116	6063	2.000	69.28	138.56
1427	116	6057	4.000	179.28	717.12
1428	116	6060	5.000	104.28	521.40
1429	116	6061	7.000	59.28	414.96
1430	116	6056	4.000	169.28	677.12
1431	116	5989	9.000	69.28	623.52
1432	116	5960	4.000	239.28	957.12
1433	116	5984	6.000	129.28	775.68
1434	116	5961	1.000	219.28	219.28
1435	116	5985	4.000	84.28	337.12
1436	116	6064	5.000	59.28	296.40
1437	116	6065	3.000	139.28	417.84
1438	116	6074	7.000	64.28	449.96
1439	116	5986	2.000	109.28	218.56
1440	116	5962	4.000	179.28	717.12
1441	116	5963	1.000	159.28	159.28
1442	116	5987	3.000	89.28	267.84
1443	116	5964	1.000	119.28	119.28
1444	116	5965	1.000	119.28	119.28
1445	116	6068	5.000	89.28	446.40
1446	116	6066	4.000	64.28	257.12
1447	116	5988	12.000	64.28	771.36
1448	116	5973	9.000	79.28	713.52
1449	116	5967	3.000	139.28	417.84
1450	116	6024	3.000	59.28	177.84
1451	116	6047	2.000	119.28	238.56
1452	116	5968	2.000	99.28	198.56
1453	116	5994	1.000	57.28	57.28
1454	116	6044	2.000	179.28	358.56
1455	116	6034	6.000	189.28	1135.68
1456	116	5969	2.000	139.28	278.56
1457	116	5970	4.000	99.28	397.12
1458	116	6040	2.000	104.28	208.56
1459	116	6048	1.000	149.28	149.28
1460	116	6026	2.000	159.28	318.56
1461	116	6025	6.000	99.28	595.68
1462	116	5972	5.000	69.28	346.40
1463	117	5490	5.000	340.24	1701.20
1464	117	5582	1.000	315.24	315.24
1465	117	5547	2.000	150.24	300.48
1466	117	5540	3.000	265.24	795.72
1467	117	5560	1.000	240.24	240.24
1468	117	5577	1.000	240.24	240.24
1469	117	5531	1.000	265.24	265.24
1470	117	5588	1.000	340.24	340.24
1471	117	5489	10.000	260.24	2602.40
1472	117	5493	3.000	140.24	420.72
1473	117	5491	5.000	160.24	801.20
1474	117	5555	3.000	265.24	795.72
1475	117	5546	9.000	120.24	1082.16
1476	117	5498	1.000	160.24	160.24
1477	117	5534	2.000	140.24	280.48
1478	117	5536	1.000	80.24	80.24
1479	117	5537	14.000	200.24	2803.36
1480	117	5600	1.000	140.24	140.24
1481	117	5539	1.000	100.24	100.24
1482	117	5511	1.000	60.24	60.24
1483	117	5535	12.000	190.24	2282.88
1484	117	5545	5.000	150.24	751.20
1485	117	5608	17.000	160.24	2724.08
1486	117	5609	10.000	100.24	1002.40
1487	117	5611	3.000	140.24	420.72
1488	117	5616	1.000	165.24	165.24
1489	117	5598	5.000	152.74	763.70
1490	117	5527	4.000	110.24	440.96
1491	117	5504	3.000	70.24	210.72
1492	117	5478	1.000	140.24	140.24
1493	117	5497	3.000	100.24	300.72
1494	117	5482	3.000	110.24	330.72
1495	117	5477	4.000	100.24	400.96
1496	117	5538	3.000	100.24	300.72
1497	117	5618	3.000	80.24	240.72
1498	117	5530	8.000	200.24	1601.92
1499	117	5550	4.000	140.24	560.96
1500	117	5544	6.000	120.24	721.44
1501	117	5559	1.000	180.24	180.24
1502	117	5485	1.000	200.24	200.24
1503	117	5548	2.000	140.24	280.48
1504	117	5607	4.000	105.24	420.96
1505	117	5610	3.000	120.24	360.72
1506	117	5596	2.000	160.24	320.48
1507	117	5567	4.000	240.24	960.96
1508	117	5500	2.000	160.24	320.48
1509	117	5483	2.000	180.24	360.48
1510	117	5486	20.000	150.24	3004.80
1511	117	5492	10.000	100.24	1002.40
1512	117	5562	11.000	140.24	1542.64
1513	117	5541	11.000	70.24	772.64
1514	117	5569	2.000	100.24	200.48
1515	117	5573	18.000	64.24	1156.32
1516	117	5542	11.000	100.24	1102.64
1517	117	5597	6.000	90.24	541.44
1518	117	5613	3.000	110.24	330.72
1519	117	5496	3.000	60.24	180.72
1520	117	5481	2.000	60.24	120.48
1521	117	5585	3.000	90.24	270.72
1522	117	5557	5.000	118.99	594.95
1523	117	5543	12.000	90.24	1082.88
1524	117	5574	4.000	160.24	640.96
1525	117	5549	6.000	70.24	421.44
1526	117	5484	1.000	120.24	120.24
1527	117	5595	3.000	100.24	300.72
1528	117	5587	4.000	140.24	560.96
1529	117	5521	9.000	140.24	1262.16
1530	117	5487	40.000	90.24	3609.60
1531	117	5488	18.000	60.24	1084.32
1532	117	5580	9.000	90.24	812.16
1533	117	5581	2.000	60.24	120.48
1534	117	5575	2.000	70.24	140.48
1535	117	5558	2.000	70.24	140.48
1536	117	5604	5.000	80.24	401.20
1537	117	5528	6.000	120.24	721.44
1538	117	5501	7.000	75.24	526.68
1539	117	5495	6.000	80.24	481.44
1540	117	5589	1.000	90.24	90.24
1541	117	5552	3.000	80.24	240.72
1542	117	5615	7.000	90.24	631.68
1543	117	5617	3.000	80.24	240.72
1544	117	5510	9.000	60.24	542.16
1545	117	5513	6.000	70.24	421.44
1546	117	5614	4.000	60.24	240.96
1547	117	5479	1.000	100.24	100.24
1548	117	5506	1.000	70.24	70.24
1549	117	5512	1.000	190.24	190.24
1550	117	5565	1.000	295.24	295.24
1551	117	5520	1.000	295.24	295.24
1552	117	5561	1.000	295.24	295.24
1553	117	5606	1.000	145.24	145.24
1554	117	5603	1.000	145.24	145.24
1555	117	5605	20.000	90.24	1804.80
1556	117	5594	1.000	235.24	235.24
1557	117	5509	1.000	235.24	235.24
1558	117	5583	10.000	120.24	1202.40
1559	117	5593	6.000	120.24	721.44
1560	117	5494	10.000	120.24	1202.40
1561	117	5516	10.000	120.24	1202.40
1562	117	5578	5.000	120.24	601.20
1563	117	5508	2.000	120.24	240.48
1564	117	5584	15.000	85.24	1278.60
1565	117	5579	8.000	85.24	681.92
1566	117	5517	10.000	85.24	852.40
1567	117	5590	8.000	60.24	481.92
1568	117	5612	7.000	120.24	841.68
1569	117	5554	1.000	85.24	85.24
1570	117	5556	5.000	80.24	401.20
1571	117	5572	25.000	55.24	1381.00
1572	118	187	4.000	57.56	230.24
1573	118	1674	5.000	57.56	287.80
1574	118	190	5.000	77.56	387.80
1575	118	192	22.000	57.56	1266.32
1576	118	191	13.000	122.56	1593.28
1577	118	1680	4.000	77.56	310.24
1578	118	1681	3.000	117.56	352.68
1579	118	1679	1.000	97.56	97.56
1580	118	1682	4.000	117.56	470.24
1581	118	1683	5.000	37.56	187.80
1582	118	193	13.000	52.56	683.28
1583	118	1686	20.000	82.56	1651.20
1584	118	1687	15.000	147.56	2213.40
1585	118	196	19.000	257.56	4893.64
1586	118	197	2.000	77.56	155.12
1587	118	199	18.000	77.56	1396.08
1588	118	201	2.000	77.56	155.12
1589	118	202	1.000	137.56	137.56
1590	118	203	2.000	237.56	475.12
1591	118	200	1.000	157.56	157.56
1592	118	204	24.000	67.56	1621.44
1593	118	205	20.000	72.56	1451.20
1594	118	206	12.000	102.56	1230.72
1595	118	1689	4.000	177.56	710.24
1596	118	209	48.000	55.56	2666.88
1597	118	1691	2.000	73.56	147.12
1598	118	757	2.000	137.56	275.12
1599	118	1692	9.000	77.56	698.04
1600	118	211	1.000	63.81	63.81
1601	118	212	2.000	57.56	115.12
1602	118	1696	2.000	67.56	135.12
1603	118	1697	1.000	77.56	77.56
1604	118	1698	40.000	57.56	2302.40
1605	118	216	1.000	150.06	150.06
1606	118	217	8.000	52.56	420.48
1607	118	1699	4.000	67.56	270.24
1608	118	1700	2.000	72.56	145.12
1609	118	1710	16.000	112.56	1800.96
1610	118	1986	2.000	57.56	115.12
1611	118	1701	2.000	77.56	155.12
1612	118	1703	4.000	87.56	350.24
1613	118	756	1.000	262.56	262.56
1614	118	219	2.000	262.56	525.12
1615	118	1704	1.000	127.56	127.56
1616	118	758	5.000	62.56	312.80
1617	118	759	6.000	187.56	1125.36
1618	118	760	4.000	337.56	1350.24
1619	118	1705	2.000	97.56	195.12
1620	118	1708	7.000	137.56	962.92
1621	118	1709	2.000	57.56	115.12
1622	118	1711	5.000	157.56	787.80
1623	118	221	1.000	187.56	187.56
1624	118	1712	18.000	77.56	1396.08
1625	118	1715	2.000	87.56	175.12
1626	118	1716	1.000	167.56	167.56
1627	118	1717	1.000	237.56	237.56
1628	118	223	29.000	52.56	1524.24
1629	118	1727	2.000	187.56	375.12
1630	118	1728	2.000	107.56	215.12
1631	118	224	3.000	337.56	1012.68
1632	118	1718	13.000	62.56	813.28
1633	118	225	1.000	337.56	337.56
1634	118	1719	13.000	72.56	943.28
1635	118	1720	3.000	137.56	412.68
1636	118	1721	3.000	157.56	472.68
1637	118	1722	3.000	87.56	262.68
1638	118	226	3.000	357.56	1072.68
1639	118	1730	4.000	77.56	310.24
1640	118	227	6.000	72.56	435.36
1641	118	228	6.000	117.56	705.36
1642	118	229	6.000	187.56	1125.36
1643	118	1723	3.000	187.56	562.68
1644	118	1725	5.000	177.56	887.80
1645	118	1726	17.000	102.56	1743.52
1646	118	231	94.000	62.56	5880.64
1647	118	1731	2.000	87.56	175.12
1648	118	1732	3.000	57.56	172.68
1649	118	1733	2.000	137.56	275.12
1650	118	232	4.000	87.56	350.24
1651	118	763	2.000	45.06	90.12
1652	118	764	4.000	137.56	550.24
1653	118	1734	1.000	97.56	97.56
1654	118	233	2.000	67.56	135.12
1655	118	234	8.000	55.56	444.48
1656	118	1735	1.000	87.56	87.56
1657	118	1736	7.000	62.56	437.92
1658	118	1740	2.000	97.56	195.12
1659	118	235	2.000	107.56	215.12
1660	118	1744	3.000	157.56	472.68
1661	118	1745	1.000	87.56	87.56
1662	119	82	1.000	276.20	276.20
1663	119	95	1.000	376.20	376.20
1664	119	1530	1.000	236.20	236.20
1665	119	131	1.000	211.20	211.20
1666	119	132	1.000	198.70	198.70
1667	119	145	1.000	248.70	248.70
1668	119	52	1.000	66.20	66.20
1669	119	700	5.000	76.20	381.00
1670	119	53	1.000	86.20	86.20
1671	119	1516	1.000	92.45	92.45
1672	119	55	5.000	116.20	581.00
1673	119	56	2.000	104.20	208.40
1674	119	57	1.000	186.20	186.20
1675	119	59	2.000	171.40	342.80
1676	119	60	1.000	116.20	116.20
1677	119	1517	1.000	166.20	166.20
1678	119	65	3.000	81.40	244.20
1679	119	66	5.000	86.20	431.00
1680	119	61	17.000	246.20	4185.40
1681	119	1519	1.000	146.20	146.20
1682	119	68	1.000	136.20	136.20
1683	119	69	3.000	76.20	228.60
1684	119	72	1.000	166.20	166.20
1685	119	73	5.000	97.10	485.50
1686	119	74	5.000	86.20	431.00
1687	119	75	2.000	117.45	234.90
1688	119	76	2.000	96.20	192.40
1689	119	79	4.000	72.20	288.80
1690	119	83	1.000	156.20	156.20
1691	119	84	2.000	62.20	124.40
1692	119	702	2.000	98.70	197.40
1693	119	86	1.000	62.20	62.20
1694	119	92	4.000	156.20	624.80
1695	119	93	18.000	158.20	2847.60
1696	119	1528	2.000	76.20	152.40
1697	119	1529	2.000	146.20	292.40
1698	119	108	9.000	116.20	1045.80
1699	119	1527	3.000	166.20	498.60
1700	119	97	4.000	156.20	624.80
1701	119	1531	1.000	91.00	91.00
1702	119	102	5.000	106.20	531.00
1703	119	105	2.000	89.45	178.90
1704	119	106	2.000	98.70	197.40
1705	119	107	4.000	81.40	325.60
1706	119	110	4.000	86.20	344.80
1707	119	117	1.000	148.20	148.20
1708	119	129	4.000	148.20	592.80
1709	119	111	4.000	236.20	944.80
1710	119	1534	1.000	216.20	216.20
1711	119	1544	1.000	126.20	126.20
1712	119	705	4.000	171.20	684.80
1713	119	116	1.000	76.20	76.20
1714	119	126	5.000	141.20	706.00
1715	119	1546	1.000	56.20	56.20
1716	119	133	2.000	136.20	272.40
1717	119	135	1.000	156.20	156.20
1718	119	137	2.000	116.20	232.40
1719	119	138	1.000	116.20	116.20
1720	119	708	1.000	136.20	136.20
1721	119	1548	3.000	178.20	534.60
1722	119	139	9.000	126.20	1135.80
1723	119	140	1.000	141.20	141.20
1724	119	1550	2.000	146.20	292.40
1725	119	144	2.000	101.20	202.40
1726	119	1551	1.000	123.70	123.70
1727	119	149	2.000	86.20	172.40
1728	119	151	6.000	96.20	577.20
1729	119	152	1.000	92.45	92.45
1730	119	54	4.000	81.40	325.60
1731	119	58	15.000	86.20	1293.00
1732	119	67	2.000	76.20	152.40
1733	119	1520	5.000	96.20	481.00
1734	119	1521	30.000	156.20	4686.00
1735	119	71	9.000	51.20	460.80
1736	119	81	1.000	80.20	80.20
1737	119	85	6.000	81.40	488.40
1738	119	91	2.000	61.20	122.40
1739	119	94	15.000	104.20	1563.00
1740	119	98	12.000	76.20	914.40
1741	119	103	10.000	66.20	662.00
1742	119	109	4.000	90.20	360.80
1743	119	1533	2.000	96.20	192.40
1744	119	1537	4.000	91.00	364.00
1745	119	130	6.000	91.00	546.00
1746	119	112	7.000	111.20	778.40
1747	119	114	12.000	108.20	1298.40
1748	119	113	11.000	76.20	838.20
1749	119	1545	1.000	81.40	81.40
1750	119	118	2.000	76.20	152.40
1751	119	122	4.000	76.20	304.80
1752	119	1539	1.000	61.20	61.20
1753	119	1540	3.000	81.00	243.00
1754	119	123	6.000	66.20	397.20
1755	119	1541	5.000	81.20	406.00
1756	119	124	6.000	81.40	488.40
1757	119	127	10.000	86.20	862.00
1758	119	1547	4.000	86.20	344.80
1759	119	134	4.000	91.20	364.80
1760	119	142	6.000	91.00	546.00
1761	119	148	1.000	76.20	76.20
1762	119	150	1.000	76.20	76.20
1763	119	50	20.000	61.20	1224.00
1764	119	62	30.000	81.40	2442.00
1765	119	338	2.000	54.20	108.40
1766	119	1532	24.000	57.20	1372.80
1767	119	115	2.000	54.20	108.40
1768	119	1542	2.000	66.20	132.40
1769	119	1538	2.000	81.40	162.80
1770	119	125	51.000	58.70	2993.70
1771	119	128	10.000	61.20	612.00
1772	119	1549	4.000	61.20	244.80
1773	119	143	2.000	61.20	122.40
1774	119	63	74.000	51.20	3788.80
1775	120	6231	30.000	65.45	1963.50
1776	120	6232	50.000	27.95	1397.50
1777	120	6233	60.000	192.95	11577.00
1778	120	6234	20.000	102.95	2059.00
1779	120	6236	30.000	60.45	1813.50
1780	120	6281	38.000	67.95	2582.10
1781	120	6282	87.000	34.20	2975.40
1782	120	6283	8.000	96.70	773.60
1783	120	6284	23.000	42.95	987.85
1784	120	6263	25.000	55.95	1398.75
1785	120	6253	5.000	90.45	452.25
1786	120	6254	5.000	40.45	202.25
1787	120	6248	13.000	77.95	1013.35
1788	120	6250	22.000	137.95	3034.90
1789	120	6249	55.000	50.45	2774.75
1790	120	6264	8.000	75.45	603.60
1791	120	6229	3.000	177.95	533.85
1792	120	6256	5.000	277.95	1389.75
1793	120	6257	40.000	171.70	6868.00
1794	120	6258	30.000	102.95	3088.50
1795	120	6259	20.000	52.95	1059.00
1796	120	6260	3.000	227.95	683.85
1797	120	6261	9.000	121.70	1095.30
1798	120	6262	25.000	61.70	1542.50
1799	120	6243	2.000	77.95	155.90
1800	120	6267	4.000	182.95	731.80
1801	120	6268	5.000	109.20	546.00
1802	120	6269	5.000	61.70	308.50
1803	120	6270	1.000	346.70	346.70
1804	120	6271	4.000	227.95	911.80
1805	120	6272	2.000	102.95	205.90
1806	120	6230	3.000	127.95	383.85
1807	120	6265	15.000	125.45	1881.75
1808	120	6266	20.000	52.95	1059.00
1809	120	6273	2.000	284.20	568.40
1810	120	6274	2.000	159.20	318.40
1811	120	6276	60.000	77.45	4647.00
1812	120	6241	2.000	87.95	175.90
1813	120	6242	2.000	50.45	100.90
1814	120	6244	16.000	41.95	671.20
1815	120	6279	1.000	51.95	51.95
1816	120	6225	2.000	185.45	370.90
1817	120	6226	3.000	108.95	326.85
1818	120	6228	3.000	99.95	299.85
1819	120	6227	2.000	50.45	100.90
1820	120	6251	4.000	87.95	351.80
1821	120	6252	4.000	27.95	111.80
1822	120	6277	1.000	180.95	180.95
1823	120	6245	5.000	88.70	443.50
1824	120	6246	18.000	72.95	1313.10
1825	120	6247	15.000	45.45	681.75
1826	120	6240	4.000	252.95	1011.80
1827	120	6278	4.000	131.45	525.80
\.


